0.168047554	0
0.14188786	0.000132381
0.095193759	0.000267128
0.065104024	0.000404284
0.051140489	0.000543893
0.044590421	0.000685997
0.040456504	0.000830642
0.03722588	0.000977873
0.034540295	0.00112774
0.032324989	0.00128028
0.030474909	0.00143555
0.028893004	0.00159359
0.027515889	0.00175446
0.026301497	0.00191821
0.025219422	0.00208489
0.024246628	0.00225454
0.023365055	0.00242723
0.022560928	0.002603
0.021823102	0.00278192
0.021142604	0.00296404
0.020512289	0.00314941
0.019926155	0.00333809
0.01937923	0.00353015
0.018867112	0.00372565
0.018386203	0.00392463
0.017933356	0.00412718
0.017505773	0.00433335
0.017101052	0.0045432
0.01671725	0.0047568
0.016352538	0.00497423
0.016005316	0.00519554
0.015674154	0.0054208
0.015357796	0.0056501
0.015055213	0.00588349
0.014765318	0.00612106
0.014487197	0.00636287
0.014220107	0.006609
0.013963249	0.00685954
0.013715992	0.00711456
0.013477709	0.00737413
0.013247885	0.00763835
0.013025949	0.00790729
0.0128115	0.00818104
0.012604081	0.00845968
0.012403292	0.0087433
0.012208791	0.00903199
0.012020176	0.00932585
0.011837163	0.00962496
0.011659465	0.00992941
0.011486797	0.0102393
0.01131893	0.0105548
0.011155693	0.0108758
0.010996742	0.0112027
0.010842021	0.0115353
0.010691244	0.0118739
0.010544296	0.0122186
0.010401006	0.0125694
0.010261203	0.0129265
0.010124714	0.01329
0.009991484	0.01366
0.009861283	0.0140366
0.009734111	0.0144199
0.009609739	0.0148101
0.009488112	0.0152072
0.009369113	0.0156115
0.009252686	0.016023
0.00913866	0.0164418
0.009026978	0.0168681
0.008917638	0.0173021
0.008810414	0.0177438
0.008705361	0.0181934
0.008602366	0.018651
0.008501315	0.0191169
0.008402149	0.019591
0.00830487	0.0200737
0.008209419	0.0205649
0.008115684	0.021065
0.008023663	0.0215739
0.007933242	0.022092
0.007844364	0.0226194
0.00775703	0.0231561
0.007671182	0.0237025
0.007586763	0.0242586
0.007503772	0.0248247
0.007422154	0.0254009
0.007341907	0.0259874
0.007262917	0.0265844
0.007185242	0.027192
0.007108825	0.0278106
0.007033551	0.0284401
0.006959534	0.029081
0.006886603	0.0297333
0.006814815	0.0303972
0.00674417	0.0310731
0.006674554	0.031761
0.006605967	0.0324612
0.006538409	0.0331739
0.006471879	0.0338994
0.006406321	0.0346378
0.006341735	0.0353894
0.006278064	0.0361545
0.006215306	0.0369333
0.006153406	0.0377259
0.006092421	0.0385328
0.006032293	0.039354
0.005973022	0.04019
0.005914552	0.0410409
0.005856882	0.041907
0.005799954	0.0427886
0.005743884	0.043686
0.005688512	0.0445994
0.005633916	0.0455291
0.005580058	0.0464755
0.00552692	0.0474387
0.005474503	0.0484192
0.005422811	0.0494172
0.005371822	0.0504331
0.005321525	0.0514671
0.005271896	0.0525196
0.00522292	0.053591
0.005174577	0.0546815
0.005126846	0.0557914
0.005079715	0.0569213
0.005033156	0.0580713
0.004987157	0.0592419
0.004941701	0.0604334
0.004896759	0.0616462
0.004852338	0.0628807
0.004808408	0.0641373
0.004764963	0.0654163
0.004721999	0.0667182
0.004679504	0.0680434
0.00463746	0.0693922
0.004595868	0.0707652
0.00455471	0.0721627
0.004513975	0.0735852
0.004473663	0.0750332
0.004433768	0.076507
0.004394273	0.0780072
0.004355178	0.0795342
0.004316478	0.0810885
0.004278166	0.0826705
0.004240243	0.0842809
0.004202692	0.0859201
0.004165501	0.0875885
0.004128669	0.0892868
0.004092193	0.0910155
0.004056059	0.0927751
0.004020267	0.0945661
0.003984819	0.0963891
0.003949703	0.0982447
0.003914918	0.100134
0.003880458	0.102056
0.003846319	0.104013
0.003812506	0.106005
0.003779007	0.108033
0.003745822	0.110096
0.003712952	0.112197
0.003680384	0.114335
0.00364812	0.116512
0.003616158	0.118727
0.003584494	0.120982
0.003553126	0.123277
0.003522051	0.125614
0.003491267	0.127992
0.003460762	0.130413
0.003430544	0.132876
0.003400606	0.135384
0.003370942	0.137937
0.003341552	0.140536
0.003312443	0.14318
0.003283608	0.145873
0.00325503	0.148613
0.003226709	0.151402
0.003198634	0.154241
0.003170799	0.157131
0.00314321	0.160073
0.003115866	0.163067
0.003088769	0.166115
0.003061923	0.169217
0.003035328	0.172375
0.003008979	0.175589
0.002982876	0.17886
0.002957024	0.18219
0.002931413	0.18558
0.002906047	0.18903
0.002880927	0.192542
0.002856047	0.196117
0.002831413	0.199755
0.002807024	0.203459
0.00278287	0.207229
0.002758968	0.211066
0.002735317	0.214972
0.002711911	0.218947
0.002688757	0.222994
0.002665849	0.227113
0.002643198	0.231306
0.002620816	0.235574
0.002598737	0.239918
0.002576943	0.244339
0.002555544	0.24884
0.002534596	0.253421
0.002513877	0.258084
0.002493204	0.262831
0.002472485	0.267662
0.002451852	0.272579
0.002431693	0.277585
0.002412489	0.28268
0.002394656	0.287866
0.002378412	0.293145
0.002363832	0.298518
0.002350766	0.303988
0.002339278	0.309555
0.002329355	0.315221
0.002320862	0.320989
0.002313763	0.32686
0.002307819	0.332836
0.002302944	0.338919
0.002299183	0.345111
0.002296674	0.351413
0.002295496	0.357828
0.002295628	0.364358
0.002297028	0.371004
0.002299674	0.377769
0.002303607	0.384655
0.002309134	0.391665
0.002316489	0.398799
0.00232564	0.406061
0.002336626	0.413453
0.002349851	0.420978
0.002366472	0.428636
0.002387083	0.436432
0.002411608	0.444367
0.002440638	0.452443
0.002474903	0.460665
0.002514855	0.469033
0.00256126	0.477551
0.002615003	0.486221
0.002677109	0.495046
0.002747868	0.504029
0.002826606	0.513172
0.002910614	0.522479
0.002996376	0.531952
0.003080504	0.541595
0.003159917	0.55141
0.003237266	0.5614
0.003315895	0.57157
0.003398771	0.581921
0.003485842	0.592456
0.003577103	0.603181
0.003672171	0.614097
0.003768273	0.625208
0.003871634	0.636518
0.00398023	0.64803
0.00408874	0.659748
0.004191924	0.671675
0.004286054	0.683816
0.004372285	0.696174
0.004442124	0.708752
0.004496782	0.721556
0.004545067	0.734588
0.004585774	0.747854
0.004615003	0.761356
0.004633236	0.7751
0.004643553	0.78909
0.004648651	0.80333
0.004650114	0.817824
0.004648805	0.832577
0.004645273	0.847595
0.004639895	0.86288
0.004632973	0.878439
0.004624737	0.894277
0.004615375	0.910397
0.004605047	0.926805
0.004593896	0.943507
0.004582024	0.960508
0.004569444	0.977812
0.004556173	0.995426
0.004542295	1.01335
0.004527915	1.0316
0.004513129	1.05018
0.004498034	1.06909
0.004482693	1.08833
0.00446717	1.10792
0.004451503	1.12786
0.004435728	1.14816
0.004419913	1.16882
0.004404087	1.18985
0.004388289	1.21125
0.004372559	1.23304
0.004356922	1.25521
0.004341375	1.27779
0.004325914	1.30076
0.004310585	1.32415
0.004295422	1.34796
0.004280453	1.37219
0.004265684	1.39685
0.00425112	1.42196
0.004236768	1.44751
0.004222691	1.47352
0.004208739	1.5
0.004193444	1.53
0.004178824	1.56
0.004164689	1.59
0.004151029	1.62
0.004137832	1.65
0.004125091	1.68
0.00411278	1.71
0.004100817	1.74
0.004089106	1.77
0.004077641	1.8
0.004066467	1.83
0.004055596	1.86
0.004045016	1.89
0.004034717	1.92
0.00402468	1.95
0.004014883	1.98
0.004005287	2.01
0.003995873	2.04
0.003986563	2.07
0.003977418	2.1
0.003969547	2.13
0.003957116	2.16
0.003940878	2.19
0.003928567	2.22
0.003919227	2.25
0.003911277	2.28
0.003904058	2.31
0.003897279	2.34
0.003890775	2.37
0.003884448	2.4
0.003878241	2.43
0.003872148	2.46
0.003866152	2.49
0.003860254	2.52
0.003854452	2.55
0.00384876	2.58
0.003843136	2.61
0.003837649	2.64
0.003832196	2.67
0.003826915	2.7
0.003821588	2.73
0.003816512	2.76
0.003811214	2.79
0.003806276	2.82
0.003800812	2.85
0.003796605	2.88
0.003790203	2.91
0.003787614	2.94
0.00378339	2.97
0.003775995	3
